100
2922
0 99
0 1
0 5
0 6
0 10
0 13
0 20
0 27
0 29
0 31
0 33
0 34
0 40
0 48
0 51
0 58
0 61
0 62
0 64
0 69
0 78
0 79
0 81
0 84
0 87
0 93
0 95
0 96
1 3
1 6
1 7
1 16
1 18
1 19
1 26
1 28
1 32
1 33
1 35
1 47
1 48
1 52
1 57
1 60
1 61
1 73
1 78
1 80
1 83
1 85
1 98
2 7
2 8
2 9
2 10
2 22
2 23
2 32
2 35
2 38
2 41
2 44
2 46
2 53
2 55
2 56
2 58
2 64
2 70
2 72
2 74
2 79
2 81
2 84
2 88
2 91
2 93
2 95
2 99
3 6
3 9
3 15
3 16
3 17
3 20
3 21
3 27
3 28
3 31
3 33
3 41
3 47
3 50
3 59
3 63
3 64
3 66
3 68
3 70
3 77
3 79
3 95
3 96
4 3
4 5
4 7
4 9
4 10
4 13
4 14
4 19
4 20
4 22
4 26
4 29
4 34
4 37
4 38
4 40
4 44
4 47
4 51
4 53
4 54
4 57
4 61
4 66
4 76
4 77
4 82
4 85
4 89
4 94
4 95
4 98
5 6
5 9
5 10
5 13
5 16
5 19
5 20
5 21
5 22
5 25
5 27
5 32
5 45
5 46
5 47
5 49
5 51
5 53
5 54
5 57
5 62
5 67
5 68
5 69
5 80
5 88
5 90
6 2
6 3
6 16
6 21
6 23
6 29
6 32
6 37
6 41
6 50
6 52
6 55
6 58
6 62
6 63
6 65
6 66
6 67
6 71
6 73
6 80
6 82
6 83
6 84
6 86
6 91
6 93
6 96
7 12
7 13
7 19
7 21
7 22
7 31
7 33
7 39
7 43
7 44
7 56
7 58
7 59
7 67
7 77
7 78
7 83
7 84
7 85
7 86
7 91
8 4
8 9
8 12
8 17
8 19
8 22
8 29
8 31
8 39
8 46
8 48
8 54
8 55
8 61
8 73
8 74
8 76
8 79
8 87
8 93
8 95
8 96
8 98
9 2
9 7
9 8
9 12
9 14
9 17
9 24
9 27
9 31
9 36
9 38
9 39
9 52
9 55
9 59
9 63
9 69
9 73
9 74
9 75
9 80
9 87
9 92
9 94
9 95
9 97
10 0
10 1
10 4
10 11
10 12
10 14
10 17
10 20
10 22
10 34
10 37
10 40
10 43
10 44
10 46
10 48
10 52
10 57
10 60
10 61
10 62
10 65
10 69
10 78
10 81
10 86
10 88
10 89
10 90
10 91
10 95
11 4
11 6
11 7
11 9
11 10
11 13
11 14
11 30
11 38
11 40
11 41
11 44
11 45
11 46
11 50
11 54
11 60
11 66
11 69
11 75
11 81
11 83
11 89
11 90
11 93
11 97
12 7
12 9
12 11
12 14
12 21
12 22
12 26
12 31
12 32
12 34
12 35
12 39
12 40
12 41
12 42
12 44
12 45
12 47
12 53
12 54
12 59
12 61
12 62
12 63
12 66
12 70
12 71
12 72
12 76
12 77
12 90
12 94
12 95
12 98
13 2
13 3
13 5
13 10
13 15
13 16
13 17
13 24
13 28
13 29
13 38
13 39
13 42
13 46
13 49
13 60
13 61
13 62
13 66
13 67
13 68
13 77
13 86
13 87
13 88
13 89
13 90
13 92
13 96
13 99
14 0
14 8
14 11
14 12
14 13
14 18
14 19
14 20
14 21
14 23
14 26
14 29
14 32
14 35
14 36
14 43
14 48
14 52
14 58
14 59
14 60
14 67
14 68
14 69
14 72
14 75
14 77
14 79
14 87
14 89
14 91
14 92
14 94
14 95
15 1
15 2
15 4
15 7
15 16
15 18
15 20
15 21
15 23
15 36
15 43
15 44
15 45
15 48
15 49
15 51
15 58
15 63
15 64
15 72
15 74
15 77
15 81
15 85
15 90
15 92
15 93
15 94
15 96
15 98
15 99
16 4
16 5
16 8
16 10
16 12
16 18
16 22
16 24
16 25
16 32
16 38
16 40
16 41
16 46
16 51
16 53
16 57
16 59
16 63
16 67
16 71
16 73
16 74
16 75
16 80
16 82
16 93
16 97
17 0
17 1
17 3
17 4
17 5
17 8
17 19
17 22
17 27
17 34
17 35
17 38
17 40
17 42
17 53
17 56
17 58
17 59
17 62
17 66
17 68
17 69
17 70
17 71
17 72
17 76
17 77
17 80
17 81
17 84
17 85
17 87
17 88
17 92
17 98
18 8
18 9
18 14
18 15
18 23
18 25
18 27
18 28
18 30
18 34
18 36
18 38
18 39
18 42
18 43
18 45
18 47
18 48
18 49
18 50
18 52
18 53
18 54
18 58
18 61
18 63
18 65
18 66
18 73
18 77
18 78
18 81
18 82
18 84
18 86
18 87
18 88
18 93
18 97
19 1
19 3
19 4
19 6
19 7
19 9
19 10
19 12
19 17
19 21
19 38
19 39
19 41
19 42
19 43
19 49
19 52
19 53
19 54
19 55
19 60
19 61
19 62
19 66
19 68
19 76
19 77
19 81
19 84
19 87
19 90
19 91
19 92
19 95
19 97
19 99
20 1
20 4
20 6
20 8
20 9
20 11
20 13
20 18
20 22
20 24
20 31
20 32
20 36
20 37
20 42
20 46
20 47
20 49
20 51
20 57
20 65
20 66
20 71
20 78
20 82
20 84
20 85
20 86
20 87
20 91
20 94
21 0
21 5
21 8
21 18
21 19
21 26
21 28
21 29
21 30
21 31
21 32
21 38
21 44
21 50
21 51
21 59
21 63
21 67
21 70
21 73
21 78
21 79
21 80
21 84
21 85
21 86
21 89
21 94
21 95
21 97
21 98
22 4
22 8
22 11
22 19
22 27
22 28
22 30
22 33
22 41
22 43
22 45
22 49
22 52
22 53
22 54
22 58
22 60
22 61
22 62
22 63
22 65
22 66
22 68
22 70
22 72
22 73
22 78
22 80
22 81
22 89
22 95
22 96
23 7
23 8
23 9
23 19
23 22
23 24
23 26
23 29
23 32
23 39
23 42
23 44
23 50
23 54
23 69
23 71
23 73
23 80
23 81
23 85
23 88
23 89
23 91
23 92
24 6
24 9
24 10
24 17
24 19
24 22
24 28
24 29
24 31
24 37
24 43
24 47
24 52
24 71
24 74
24 76
24 78
24 79
24 80
24 81
24 82
24 83
24 85
24 95
25 1
25 2
25 7
25 9
25 14
25 17
25 18
25 21
25 24
25 36
25 39
25 40
25 45
25 47
25 49
25 52
25 54
25 55
25 56
25 66
25 72
25 74
25 78
25 80
25 84
25 91
25 94
25 96
25 97
25 98
25 99
26 6
26 8
26 9
26 13
26 14
26 16
26 27
26 28
26 31
26 32
26 34
26 36
26 43
26 44
26 47
26 49
26 52
26 53
26 57
26 61
26 68
26 71
26 74
26 76
26 78
26 79
26 81
26 86
26 87
26 90
26 96
27 0
27 1
27 2
27 7
27 8
27 9
27 12
27 16
27 17
27 21
27 22
27 24
27 28
27 31
27 32
27 33
27 36
27 41
27 42
27 53
27 54
27 55
27 57
27 59
27 64
27 66
27 75
27 78
27 79
27 80
27 82
27 83
27 87
27 95
27 98
28 0
28 1
28 7
28 8
28 10
28 14
28 16
28 29
28 31
28 33
28 35
28 42
28 45
28 46
28 49
28 51
28 60
28 61
28 62
28 64
28 65
28 79
28 88
28 93
28 95
28 98
29 0
29 11
29 13
29 16
29 17
29 19
29 21
29 26
29 27
29 34
29 39
29 44
29 45
29 53
29 54
29 59
29 61
29 64
29 65
29 69
29 71
29 75
29 77
29 78
29 79
29 83
29 84
29 86
29 91
29 92
29 95
30 0
30 2
30 5
30 10
30 12
30 15
30 19
30 21
30 22
30 31
30 33
30 36
30 38
30 39
30 40
30 43
30 55
30 56
30 59
30 62
30 63
30 64
30 65
30 66
30 68
30 74
30 75
30 87
30 89
30 92
30 94
31 1
31 2
31 4
31 5
31 6
31 8
31 12
31 17
31 23
31 30
31 40
31 46
31 49
31 51
31 58
31 61
31 62
31 64
31 70
31 71
31 76
31 77
31 78
31 82
31 93
31 94
31 98
32 3
32 6
32 8
32 9
32 12
32 19
32 22
32 27
32 34
32 46
32 48
32 52
32 55
32 56
32 57
32 61
32 67
32 75
32 82
32 88
32 89
32 92
32 94
32 95
32 97
33 1
33 2
33 3
33 5
33 10
33 11
33 16
33 20
33 23
33 24
33 31
33 37
33 38
33 40
33 42
33 44
33 48
33 49
33 51
33 52
33 54
33 55
33 56
33 60
33 66
33 68
33 81
33 84
33 85
33 86
33 89
33 91
33 95
34 2
34 3
34 4
34 8
34 10
34 13
34 20
34 30
34 36
34 43
34 51
34 54
34 56
34 63
34 67
34 70
34 72
34 73
34 75
34 81
34 82
34 83
34 85
34 92
34 97
34 98
35 1
35 3
35 4
35 5
35 6
35 10
35 13
35 16
35 18
35 19
35 21
35 29
35 30
35 33
35 37
35 39
35 41
35 42
35 49
35 50
35 52
35 53
35 61
35 62
35 63
35 73
35 76
35 78
35 80
35 83
35 89
35 90
35 92
36 0
36 3
36 5
36 10
36 13
36 17
36 18
36 20
36 23
36 26
36 27
36 39
36 41
36 43
36 44
36 45
36 52
36 57
36 58
36 59
36 60
36 62
36 63
36 64
36 65
36 66
36 67
36 68
36 69
36 70
36 71
36 89
36 93
37 1
37 3
37 5
37 6
37 7
37 12
37 15
37 17
37 23
37 25
37 27
37 28
37 29
37 32
37 34
37 39
37 46
37 47
37 50
37 52
37 55
37 63
37 64
37 67
37 71
37 72
37 78
37 81
37 82
37 87
37 88
37 91
38 2
38 5
38 7
38 12
38 14
38 23
38 25
38 26
38 29
38 31
38 32
38 34
38 37
38 39
38 42
38 43
38 46
38 47
38 48
38 57
38 58
38 61
38 62
38 64
38 66
38 69
38 73
38 76
38 79
38 84
38 86
38 89
38 99
39 0
39 1
39 3
39 7
39 8
39 18
39 22
39 27
39 30
39 31
39 32
39 36
39 37
39 42
39 45
39 56
39 57
39 58
39 59
39 61
39 67
39 68
39 71
39 74
39 78
39 79
39 81
39 82
39 89
39 90
39 92
39 95
39 99
40 1
40 6
40 12
40 15
40 19
40 20
40 21
40 22
40 24
40 25
40 30
40 31
40 33
40 34
40 37
40 44
40 47
40 51
40 52
40 54
40 55
40 59
40 63
40 72
40 76
40 78
40 81
40 82
40 83
40 86
40 87
40 96
40 97
40 99
41 3
41 8
41 9
41 12
41 14
41 15
41 17
41 18
41 20
41 24
41 31
41 36
41 37
41 39
41 47
41 51
41 55
41 57
41 58
41 63
41 66
41 67
41 70
41 72
41 76
41 78
41 80
41 90
41 91
41 99
42 0
42 4
42 5
42 7
42 8
42 24
42 27
42 30
42 33
42 37
42 40
42 50
42 53
42 56
42 58
42 59
42 61
42 66
42 71
42 75
42 80
42 93
43 1
43 3
43 6
43 7
43 11
43 15
43 21
43 26
43 28
43 34
43 35
43 39
43 41
43 42
43 46
43 47
43 48
43 50
43 56
43 61
43 69
43 71
43 76
43 86
43 90
43 92
43 93
43 95
43 96
43 98
44 9
44 11
44 12
44 14
44 18
44 21
44 32
44 38
44 41
44 42
44 55
44 57
44 63
44 65
44 68
44 70
44 74
44 76
44 83
44 91
44 93
44 97
44 98
44 99
45 7
45 9
45 21
45 23
45 28
45 33
45 37
45 40
45 51
45 52
45 55
45 58
45 59
45 60
45 68
45 69
45 70
45 72
45 73
45 75
45 85
45 86
45 87
45 89
45 93
45 96
46 4
46 8
46 10
46 11
46 12
46 15
46 19
46 20
46 22
46 31
46 36
46 39
46 42
46 43
46 44
46 45
46 54
46 65
46 69
46 70
46 71
46 78
46 79
46 80
46 86
46 89
46 94
46 95
46 98
47 0
47 1
47 3
47 4
47 7
47 18
47 23
47 25
47 26
47 32
47 34
47 38
47 40
47 45
47 54
47 56
47 65
47 67
47 68
47 84
47 86
47 92
47 97
47 98
47 99
48 2
48 4
48 11
48 21
48 23
48 24
48 26
48 27
48 35
48 37
48 38
48 41
48 43
48 49
48 56
48 58
48 64
48 71
48 75
48 76
48 77
48 78
48 79
48 80
48 86
48 88
48 89
48 94
48 97
48 98
48 99
49 0
49 3
49 6
49 7
49 12
49 14
49 15
49 19
49 20
49 21
49 24
49 26
49 31
49 32
49 33
49 45
49 47
49 50
49 51
49 52
49 55
49 59
49 62
49 63
49 64
49 66
49 71
49 72
49 75
49 77
49 78
49 81
49 87
49 90
49 91
49 93
50 1
50 3
50 5
50 10
50 14
50 18
50 23
50 24
50 28
50 33
50 35
50 36
50 41
50 43
50 60
50 61
50 65
50 73
50 86
50 89
50 90
50 94
50 95
51 0
51 8
51 16
51 20
51 22
51 25
51 28
51 34
51 36
51 38
51 40
51 42
51 44
51 45
51 48
51 53
51 56
51 59
51 66
51 68
51 72
51 76
51 81
51 83
51 91
51 95
51 99
52 1
52 2
52 8
52 9
52 15
52 22
52 27
52 35
52 43
52 45
52 48
52 51
52 53
52 58
52 59
52 62
52 63
52 64
52 65
52 70
52 76
52 87
52 88
52 93
52 98
53 0
53 2
53 4
53 7
53 9
53 14
53 17
53 25
53 26
53 28
53 31
53 33
53 37
53 38
53 40
53 41
53 43
53 45
53 49
53 52
53 57
53 58
53 59
53 62
53 72
53 73
53 74
53 75
53 77
53 80
53 82
53 84
53 86
53 92
53 98
54 0
54 3
54 9
54 19
54 20
54 25
54 28
54 33
54 36
54 37
54 38
54 40
54 50
54 53
54 61
54 65
54 77
54 80
54 86
54 87
54 88
55 0
55 3
55 5
55 7
55 14
55 17
55 24
55 25
55 26
55 28
55 32
55 33
55 34
55 36
55 42
55 46
55 52
55 60
55 65
55 66
55 71
55 75
55 82
55 84
55 85
55 86
55 89
55 90
55 93
55 94
55 96
56 0
56 2
56 16
56 24
56 27
56 32
56 33
56 40
56 41
56 44
56 46
56 47
56 51
56 52
56 53
56 57
56 61
56 62
56 66
56 67
56 68
56 69
56 72
56 76
56 78
56 80
56 82
56 83
56 86
56 91
56 92
56 94
56 98
56 99
57 0
57 5
57 6
57 11
57 14
57 20
57 21
57 22
57 34
57 36
57 39
57 43
57 46
57 48
57 51
57 53
57 58
57 61
57 62
57 65
57 72
57 73
57 74
57 80
57 81
57 83
57 85
57 90
57 94
57 96
58 2
58 13
58 20
58 25
58 26
58 29
58 30
58 34
58 36
58 38
58 43
58 46
58 51
58 55
58 59
58 65
58 66
58 71
58 77
58 79
58 81
58 85
58 86
58 95
58 96
58 97
59 0
59 12
59 19
59 22
59 27
59 31
59 38
59 41
59 42
59 45
59 49
59 54
59 62
59 63
59 66
59 72
59 73
59 74
59 75
59 77
59 78
59 80
59 82
59 83
59 84
59 87
59 88
59 91
59 92
59 95
60 1
60 4
60 5
60 6
60 7
60 8
60 9
60 11
60 14
60 20
60 21
60 22
60 24
60 26
60 34
60 36
60 41
60 42
60 51
60 53
60 57
60 58
60 61
60 65
60 73
60 75
60 80
60 81
60 83
60 84
60 87
60 99
61 0
61 11
61 15
61 17
61 21
61 25
61 27
61 31
61 37
61 42
61 49
61 52
61 56
61 58
61 62
61 65
61 72
61 75
61 80
61 87
61 91
61 94
61 99
62 14
62 15
62 17
62 21
62 23
62 28
62 29
62 35
62 40
62 44
62 46
62 48
62 51
62 53
62 54
62 60
62 64
62 66
62 71
62 72
62 88
62 89
62 90
62 91
62 95
62 96
62 98
62 99
63 1
63 3
63 4
63 7
63 9
63 10
63 11
63 12
63 23
63 24
63 31
63 35
63 45
63 54
63 60
63 65
63 66
63 71
63 75
63 77
63 78
63 79
63 82
63 84
63 85
63 87
63 88
63 89
63 91
63 94
63 95
63 96
63 97
64 0
64 2
64 7
64 10
64 11
64 12
64 13
64 18
64 24
64 29
64 31
64 33
64 34
64 38
64 40
64 41
64 46
64 47
64 49
64 57
64 61
64 63
64 68
64 76
64 77
64 91
64 96
64 98
65 1
65 8
65 10
65 13
65 14
65 19
65 26
65 31
65 35
65 37
65 39
65 41
65 47
65 52
65 56
65 59
65 60
65 64
65 70
65 78
65 83
65 86
65 88
65 89
65 94
65 97
66 1
66 3
66 7
66 17
66 24
66 39
66 41
66 43
66 45
66 46
66 47
66 54
66 60
66 61
66 68
66 69
66 71
66 77
66 78
66 80
66 84
66 88
66 90
66 91
66 94
66 96
66 97
66 98
66 99
67 7
67 13
67 14
67 16
67 20
67 26
67 29
67 31
67 34
67 35
67 36
67 39
67 43
67 44
67 46
67 47
67 51
67 56
67 63
67 65
67 70
67 71
67 74
67 75
67 77
67 81
67 85
67 97
67 98
68 0
68 2
68 3
68 6
68 8
68 11
68 17
68 21
68 23
68 25
68 27
68 29
68 35
68 45
68 48
68 51
68 53
68 54
68 57
68 62
68 63
68 64
68 75
68 77
68 78
68 83
68 91
68 93
68 95
68 96
68 97
69 0
69 2
69 3
69 5
69 8
69 12
69 13
69 14
69 15
69 17
69 20
69 23
69 29
69 32
69 35
69 36
69 37
69 40
69 41
69 42
69 43
69 48
69 52
69 57
69 66
69 76
69 84
69 85
69 86
69 92
69 94
69 95
69 96
70 0
70 4
70 6
70 8
70 20
70 21
70 22
70 27
70 28
70 29
70 39
70 44
70 46
70 55
70 56
70 63
70 69
70 73
70 74
70 84
70 90
71 2
71 6
71 9
71 10
71 12
71 21
71 24
71 36
71 37
71 38
71 44
71 48
71 51
71 56
71 59
71 65
71 74
71 76
71 78
71 80
71 86
71 88
71 89
71 91
71 94
71 95
71 96
72 0
72 7
72 9
72 12
72 16
72 25
72 30
72 31
72 35
72 40
72 41
72 45
72 48
72 49
72 50
72 53
72 60
72 61
72 62
72 63
72 67
72 71
72 77
72 79
72 80
72 81
72 85
72 86
72 87
72 99
73 1
73 3
73 4
73 5
73 6
73 8
73 11
73 18
73 24
73 30
73 31
73 34
73 37
73 43
73 47
73 49
73 52
73 56
73 61
73 63
73 71
73 76
73 79
73 90
73 92
73 94
73 95
74 0
74 6
74 14
74 16
74 18
74 26
74 27
74 29
74 31
74 33
74 36
74 39
74 52
74 55
74 61
74 65
74 67
74 69
74 70
74 73
74 80
74 83
74 84
74 85
74 88
74 91
74 97
74 98
75 3
75 4
75 5
75 6
75 7
75 9
75 11
75 18
75 20
75 21
75 22
75 23
75 24
75 30
75 39
75 41
75 44
75 45
75 49
75 58
75 61
75 64
75 66
75 69
75 70
75 72
75 77
75 78
75 84
75 86
75 94
75 96
76 0
76 1
76 2
76 7
76 15
76 19
76 22
76 24
76 26
76 34
76 36
76 38
76 44
76 48
76 50
76 53
76 56
76 57
76 58
76 59
76 62
76 66
76 68
76 69
76 70
76 71
76 74
76 78
76 81
76 82
76 83
76 91
76 93
76 95
76 96
76 97
76 99
77 3
77 6
77 10
77 13
77 14
77 15
77 19
77 22
77 23
77 27
77 30
77 33
77 38
77 39
77 44
77 46
77 47
77 49
77 51
77 52
77 59
77 64
77 67
77 76
77 78
77 80
77 82
77 85
77 86
77 88
77 91
77 93
77 95
77 97
78 2
78 3
78 4
78 8
78 10
78 12
78 16
78 21
78 25
78 26
78 32
78 35
78 36
78 39
78 45
78 53
78 54
78 64
78 65
78 66
78 69
78 71
78 75
78 77
78 84
78 93
78 94
78 97
79 0
79 2
79 4
79 6
79 8
79 11
79 17
79 23
79 25
79 27
79 30
79 39
79 40
79 42
79 46
79 54
79 55
79 62
79 64
79 66
79 67
79 69
79 70
79 82
79 83
79 86
79 89
79 94
79 95
79 98
79 99
80 5
80 13
80 15
80 17
80 23
80 26
80 28
80 29
80 34
80 40
80 44
80 48
80 51
80 52
80 54
80 55
80 57
80 65
80 66
80 67
80 70
80 71
80 74
80 76
80 77
80 81
80 82
80 89
80 95
80 99
81 0
81 8
81 10
81 11
81 14
81 15
81 16
81 17
81 20
81 21
81 28
81 29
81 30
81 36
81 48
81 54
81 55
81 57
81 59
81 64
81 66
81 67
81 68
81 69
81 71
81 77
81 78
81 84
81 87
81 90
81 94
81 97
81 98
81 99
82 1
82 7
82 18
82 20
82 21
82 22
82 23
82 25
82 28
82 29
82 30
82 35
82 36
82 37
82 38
82 46
82 48
82 49
82 50
82 52
82 62
82 68
82 70
82 74
82 78
82 79
82 85
82 90
82 96
82 98
83 0
83 1
83 2
83 4
83 6
83 15
83 24
83 27
83 39
83 40
83 44
83 47
83 50
83 52
83 59
83 61
83 63
83 69
83 70
83 84
83 90
83 91
83 93
83 95
83 97
83 98
84 4
84 5
84 14
84 19
84 25
84 27
84 28
84 29
84 38
84 39
84 49
84 50
84 54
84 56
84 57
84 58
84 59
84 66
84 67
84 68
84 73
84 74
84 82
84 85
84 88
84 89
84 91
84 98
85 2
85 5
85 12
85 14
85 15
85 19
85 20
85 21
85 27
85 33
85 40
85 41
85 48
85 50
85 51
85 55
85 60
85 61
85 62
85 67
85 74
85 77
85 79
85 84
85 89
85 90
85 92
85 94
85 99
86 0
86 3
86 6
86 8
86 11
86 12
86 13
86 19
86 27
86 28
86 32
86 43
86 44
86 48
86 49
86 50
86 52
86 63
86 64
86 70
86 74
86 75
86 76
86 78
86 83
86 90
86 91
86 93
86 94
86 96
86 97
87 0
87 1
87 10
87 21
87 25
87 35
87 39
87 45
87 48
87 50
87 52
87 53
87 54
87 55
87 64
87 65
87 66
87 67
87 68
87 69
87 71
87 73
87 74
87 80
87 81
87 86
87 94
87 97
88 0
88 3
88 13
88 16
88 21
88 23
88 29
88 31
88 35
88 38
88 44
88 46
88 52
88 53
88 54
88 60
88 61
88 68
88 72
88 74
88 79
88 81
88 84
88 86
88 92
88 93
88 97
88 99
89 5
89 8
89 9
89 12
89 27
89 29
89 30
89 32
89 33
89 34
89 37
89 39
89 42
89 51
89 60
89 61
89 62
89 64
89 65
89 66
89 67
89 73
89 74
89 75
89 77
89 78
89 79
89 85
89 86
89 90
89 96
89 98
90 3
90 5
90 14
90 15
90 21
90 22
90 25
90 26
90 27
90 33
90 34
90 36
90 39
90 43
90 46
90 47
90 49
90 53
90 56
90 61
90 64
90 71
90 76
90 78
90 86
90 92
90 95
90 96
91 0
91 1
91 5
91 6
91 10
91 20
91 21
91 30
91 35
91 39
91 40
91 42
91 51
91 54
91 56
91 59
91 61
91 74
91 78
91 80
91 87
91 88
91 89
91 90
91 93
92 2
92 4
92 7
92 8
92 11
92 13
92 22
92 23
92 25
92 26
92 28
92 33
92 34
92 39
92 44
92 45
92 47
92 48
92 51
92 53
92 54
92 60
92 62
92 63
92 65
92 66
92 68
92 69
92 74
92 80
92 84
92 93
92 94
92 95
92 99
93 6
93 7
93 10
93 11
93 13
93 18
93 22
93 24
93 29
93 30
93 32
93 34
93 35
93 37
93 40
93 44
93 47
93 50
93 51
93 52
93 53
93 58
93 59
93 62
93 68
93 75
93 76
93 83
93 87
93 88
93 92
93 94
93 95
93 96
93 98
94 1
94 4
94 5
94 11
94 13
94 20
94 26
94 33
94 36
94 37
94 41
94 44
94 45
94 47
94 49
94 52
94 53
94 54
94 56
94 60
94 72
94 76
94 78
94 79
94 88
94 90
94 91
94 96
95 2
95 10
95 11
95 14
95 16
95 18
95 19
95 22
95 25
95 28
95 31
95 32
95 34
95 36
95 39
95 40
95 47
95 53
95 55
95 58
95 59
95 64
95 67
95 77
95 83
95 88
95 89
95 91
95 92
95 93
95 98
96 3
96 10
96 12
96 15
96 16
96 18
96 19
96 22
96 31
96 38
96 43
96 48
96 52
96 53
96 54
96 65
96 67
96 68
96 69
96 71
96 76
96 78
96 81
96 86
96 87
96 90
97 12
97 21
97 24
97 27
97 36
97 44
97 47
97 54
97 55
97 60
97 66
97 76
97 79
97 82
97 87
97 89
97 93
97 95
97 96
97 99
98 2
98 4
98 7
98 11
98 13
98 18
98 20
98 22
98 24
98 25
98 35
98 44
98 47
98 48
98 51
98 54
98 55
98 56
98 62
98 66
98 68
98 80
98 82
98 85
98 86
98 88
98 90
98 92
98 97
99 2
99 3
99 4
99 5
99 7
99 10
99 20
99 23
99 28
99 29
99 31
99 32
99 33
99 35
99 45
99 46
99 47
99 53
99 72
99 74
99 77
99 80
99 82
99 90
99 91
99 97
99 98
0 99
