50
731
0 49
0 2
0 5
0 7
0 8
0 9
0 12
0 15
0 16
0 22
0 28
0 30
0 32
0 40
0 48
1 0
1 3
1 4
1 6
1 11
1 14
1 15
1 18
1 26
1 28
1 33
1 49
2 3
2 7
2 10
2 13
2 19
2 20
2 23
2 30
2 35
2 39
2 41
2 45
2 48
2 49
3 5
3 6
3 7
3 10
3 18
3 20
3 22
3 24
3 26
3 27
3 32
3 33
3 49
4 5
4 17
4 19
4 20
4 23
4 24
4 26
4 27
4 29
4 30
4 31
4 33
4 42
4 43
5 0
5 3
5 4
5 8
5 16
5 18
5 23
5 24
5 25
5 30
5 31
5 32
5 35
5 40
5 45
6 0
6 1
6 2
6 3
6 4
6 10
6 14
6 19
6 25
6 27
6 32
6 34
6 46
6 47
7 0
7 3
7 4
7 5
7 6
7 9
7 19
7 26
7 27
7 28
7 29
7 31
7 33
7 38
7 47
8 2
8 3
8 4
8 7
8 12
8 14
8 15
8 16
8 18
8 19
8 20
8 23
8 24
8 29
8 30
8 31
8 32
8 36
8 39
9 3
9 4
9 6
9 7
9 8
9 16
9 18
9 19
9 20
9 24
9 30
9 33
9 35
9 41
9 43
9 47
9 48
9 49
10 1
10 6
10 8
10 9
10 13
10 20
10 21
10 22
10 23
10 25
10 26
10 27
10 31
10 35
10 36
10 39
10 41
10 42
10 43
11 2
11 5
11 9
11 12
11 13
11 17
11 21
11 23
11 24
11 28
11 31
11 32
11 37
11 38
11 40
11 42
11 43
11 44
11 47
12 11
12 16
12 17
12 18
12 22
12 28
12 29
12 31
12 32
12 33
12 34
12 36
12 41
12 42
13 0
13 9
13 11
13 12
13 15
13 18
13 19
13 20
13 25
13 26
13 35
13 39
13 47
13 49
14 3
14 5
14 6
14 17
14 19
14 22
14 24
14 30
14 37
14 38
14 42
15 0
15 1
15 2
15 6
15 26
15 31
15 35
15 44
15 47
16 5
16 7
16 9
16 11
16 12
16 17
16 21
16 22
16 27
16 29
16 30
16 31
16 35
16 44
16 46
17 4
17 6
17 13
17 15
17 18
17 20
17 24
17 25
17 30
17 31
17 32
17 33
17 34
17 37
17 40
17 42
17 47
18 0
18 3
18 8
18 10
18 13
18 15
18 28
18 29
18 37
18 42
18 48
18 49
19 0
19 2
19 4
19 12
19 15
19 24
19 25
19 28
19 30
19 34
19 37
19 38
19 40
19 43
19 47
19 48
20 1
20 8
20 15
20 17
20 21
20 22
20 24
20 32
20 33
20 36
20 39
20 44
20 47
20 48
20 49
21 8
21 10
21 29
21 32
21 41
21 42
21 43
21 44
21 48
22 2
22 4
22 9
22 14
22 20
22 23
22 24
22 28
22 30
22 33
22 42
22 45
22 47
23 0
23 2
23 3
23 4
23 8
23 9
23 11
23 13
23 14
23 24
23 28
23 33
23 36
23 41
23 48
24 0
24 7
24 8
24 9
24 11
24 14
24 15
24 30
24 36
24 37
24 38
24 39
24 42
24 45
24 48
24 49
25 1
25 2
25 9
25 12
25 13
25 17
25 18
25 22
25 23
25 27
25 28
25 31
25 32
25 34
25 36
25 39
25 41
25 42
25 48
26 0
26 6
26 7
26 12
26 13
26 17
26 19
26 30
26 31
26 39
26 40
26 41
26 49
27 0
27 1
27 8
27 9
27 11
27 14
27 15
27 16
27 24
27 25
27 28
27 32
27 37
27 39
27 42
27 43
27 45
27 47
27 48
27 49
28 0
28 4
28 8
28 9
28 15
28 16
28 17
28 24
28 33
28 34
28 36
28 37
28 38
28 40
28 41
28 42
28 45
29 10
29 12
29 15
29 18
29 22
29 27
29 35
29 36
29 41
29 45
29 46
30 3
30 5
30 13
30 15
30 16
30 17
30 18
30 19
30 22
30 23
30 25
30 26
30 27
30 33
30 41
30 49
31 5
31 6
31 13
31 15
31 21
31 22
31 23
31 26
31 33
31 38
31 39
31 40
31 44
31 47
31 49
32 1
32 4
32 7
32 11
32 13
32 21
32 24
32 26
32 42
32 43
32 44
32 48
32 49
33 17
33 23
33 24
33 34
33 35
33 37
33 39
33 40
34 7
34 11
34 13
34 14
34 23
34 28
34 29
34 40
34 41
34 44
35 4
35 5
35 8
35 11
35 15
35 18
35 23
35 24
35 27
35 36
35 37
35 38
35 40
35 47
36 0
36 2
36 7
36 8
36 9
36 14
36 16
36 17
36 18
36 22
36 24
36 27
36 28
36 32
36 39
36 41
36 43
36 44
37 3
37 4
37 9
37 14
37 17
37 22
37 23
37 24
37 27
37 28
37 29
37 45
37 46
37 48
37 49
38 0
38 2
38 9
38 21
38 24
38 29
38 30
38 40
38 44
39 3
39 5
39 7
39 10
39 12
39 13
39 14
39 18
39 25
39 27
39 30
39 31
39 33
39 35
39 36
39 40
39 44
39 45
39 48
40 0
40 1
40 21
40 25
40 26
40 29
40 30
40 32
40 39
40 41
40 42
40 46
41 2
41 4
41 6
41 11
41 12
41 21
41 23
41 24
41 26
41 28
41 35
41 36
41 39
41 42
41 44
41 45
41 46
42 2
42 4
42 14
42 15
42 19
42 21
42 23
42 31
42 32
42 40
42 47
42 48
42 49
43 1
43 6
43 7
43 8
43 9
43 12
43 19
43 21
43 26
43 27
43 33
43 34
43 36
43 40
43 42
44 3
44 7
44 10
44 14
44 15
44 18
44 20
44 22
44 23
44 29
44 34
44 37
44 39
44 40
44 45
44 46
44 49
45 0
45 3
45 6
45 10
45 11
45 15
45 20
45 23
45 24
45 25
45 26
45 30
45 33
45 35
45 37
45 39
45 41
45 46
46 1
46 4
46 5
46 12
46 16
46 18
46 19
46 20
46 21
46 24
46 29
46 30
46 32
46 33
46 35
46 39
46 45
47 5
47 7
47 10
47 12
47 14
47 17
47 18
47 21
47 23
47 25
47 30
47 39
47 41
47 42
47 45
48 3
48 5
48 14
48 15
48 18
48 20
48 23
48 27
48 32
48 35
48 39
48 40
48 45
48 47
49 5
49 8
49 11
49 16
49 24
49 25
49 26
49 30
49 31
49 37
49 45
49 47
49 48
0 49
