25
153
0 24
0 3
0 5
0 7
0 8
0 9
0 11
0 15
0 22
1 5
1 9
2 0
2 8
2 11
2 17
2 18
2 19
2 20
3 1
3 4
3 12
3 15
3 18
4 5
4 9
4 14
4 16
4 24
5 4
5 13
5 14
5 18
5 22
5 23
6 0
6 9
6 14
6 16
6 18
7 1
7 17
7 19
7 21
7 22
7 24
8 2
8 5
8 9
8 10
8 13
8 17
9 0
9 1
9 2
9 10
9 12
9 14
9 15
9 19
9 22
10 7
10 8
10 15
10 19
10 20
10 24
11 4
11 7
11 8
11 9
11 12
11 14
11 15
11 19
11 21
12 3
12 4
12 7
12 8
12 10
12 11
12 15
12 20
13 3
13 8
13 11
13 17
13 19
14 1
14 3
14 12
14 15
14 18
14 21
15 3
15 6
15 8
15 9
15 13
15 19
15 22
15 23
16 3
16 8
16 10
16 14
16 18
16 22
17 5
17 9
17 11
17 12
17 15
18 8
18 20
18 23
18 24
19 1
19 11
19 13
19 18
19 20
19 24
20 1
20 4
20 5
20 6
20 8
20 14
21 7
21 12
21 15
21 19
21 20
21 22
21 24
22 0
22 1
22 8
22 10
22 12
22 19
23 3
23 5
23 7
23 17
23 24
24 5
24 10
24 11
24 12
24 13
24 14
0 24
